00000001_9_270_270.jpg	270,30,290,98,391,564
00000001_11_150_150.jpg	150,30,290,98,391,564
00000001_8_90_90.jpg	90,170,290,98,391,564
00000001_2_50_50.jpg	50,270,235,111,391,564
00000001_6_230_230.jpg	230,70,260,54,391,564
00000001_8_110_110.jpg	110,230,235,111,391,564
00000001_2_130_130.jpg	130,230,260,54,391,564
00000001_4_130_130.jpg	130,90,260,54,391,564
00000013_5_190_190.jpg	190,230,290,98,376,564
00000013_2_130_130.jpg	130,10,290,98,376,564
00000013_10_110_110.jpg	110,110,290,98,376,564
00000013_10_50_50.jpg	50,10,235,111,376,564
00000013_4_110_110.jpg	110,230,235,111,376,564
00000013_8_30_30.jpg	30,50,235,111,376,564
00000013_2_270_270.jpg	270,270,260,54,376,564
00000013_6_10_10.jpg	10,50,260,54,376,564
00000013_5_290_290.jpg	290,310,260,54,376,564
00000054_10_130_130.jpg	130,150,290,98,376,564
00000054_8_230_230.jpg	230,30,290,98,376,564
00000054_12_70_70.jpg	70,170,290,117,376,564
00000054_7_130_130.jpg	130,230,235,111,376,564
00000054_2_130_130.jpg	130,190,235,111,376,564
00000054_10_190_190.jpg	190,250,235,111,376,564
00000054_9_150_150.jpg	150,310,260,54,376,564
00000054_10_30_30.jpg	30,270,260,54,376,564
00000054_5_190_190.jpg	190,230,260,54,376,564
00000055_9_170_170.jpg	170,270,290,98,423,564
00000055_7_70_70.jpg	70,170,290,98,423,564
00000055_5_110_110.jpg	110,150,290,98,423,564
00000055_2_190_190.jpg	190,310,235,111,423,564
00000055_4_30_30.jpg	30,150,235,111,423,564
00000055_7_50_50.jpg	50,170,235,111,423,564
00000055_10_250_250.jpg	250,130,260,54,423,564
00000055_9_50_50.jpg	50,10,260,54,423,564
00000055_12_90_90.jpg	90,130,260,64,423,564
00000058_9_130_130.jpg	130,10,290,98,809,564
00000058_6_190_190.jpg	190,250,290,98,809,564
00000058_9_170_170.jpg	170,230,290,98,809,564
00000058_3_190_190.jpg	190,150,235,111,809,564
00000058_4_190_190.jpg	190,690,235,111,809,564
00000058_8_30_30.jpg	30,470,235,111,809,564
00000058_11_70_70.jpg	70,710,260,54,809,564
00000058_4_90_90.jpg	90,730,260,54,809,564
00000058_7_110_110.jpg	110,90,260,54,809,564
00000059_7_170_170.jpg	170,130,290,98,376,564
00000059_12_50_50.jpg	50,230,290,117,376,564
00000059_2_150_150.jpg	150,70,290,98,376,564
00000059_3_190_190.jpg	190,210,235,111,376,564
00000059_4_290_290.jpg	290,110,235,111,376,564
00000059_9_250_250.jpg	250,190,235,111,376,564
00000059_3_130_130.jpg	130,310,260,54,376,564
00000059_7_150_150.jpg	150,210,260,54,376,564
00000059_12_30_30.jpg	30,210,260,64,376,564
00000061_4_70_70.jpg	70,190,290,98,374,564
00000061_4_230_230.jpg	230,110,290,98,374,564
00000061_5_130_130.jpg	130,10,290,98,374,564
00000061_12_50_50.jpg	50,90,235,133,374,564
00000061_4_110_110.jpg	110,230,235,111,374,564
00000061_4_210_210.jpg	210,110,235,111,374,564
00000061_2_130_130.jpg	130,170,260,54,374,564
00000061_6_290_290.jpg	290,290,260,54,374,564
00000061_6_190_190.jpg	190,170,260,54,374,564
00000062_3_250_250.jpg	250,190,290,98,377,564
00000062_7_190_190.jpg	190,10,290,98,377,564
00000062_10_130_130.jpg	130,10,290,98,377,564
00000062_4_270_270.jpg	270,90,235,111,377,564
00000062_10_190_190.jpg	190,230,235,111,377,564
00000062_4_190_190.jpg	190,170,235,111,377,564
00000062_7_30_30.jpg	30,110,260,54,377,564
00000062_7_90_90.jpg	90,130,260,54,377,564
00000062_5_190_190.jpg	190,130,260,54,377,564
00000063_3_170_170.jpg	170,250,290,98,374,564
00000063_5_150_150.jpg	150,230,290,98,374,564
00000063_12_50_50.jpg	50,90,290,117,374,564
00000063_7_290_290.jpg	290,70,235,111,374,564
00000063_12_250_250.jpg	250,170,235,133,374,564
00000063_3_10_10.jpg	10,50,235,111,374,564
00000063_4_270_270.jpg	270,190,260,54,374,564
00000063_2_150_150.jpg	150,150,260,54,374,564
00000063_4_230_230.jpg	230,130,260,54,374,564
00000064_7_110_110.jpg	110,130,290,98,409,564
00000064_3_170_170.jpg	170,10,290,98,409,564
00000064_11_10_10.jpg	10,130,290,98,409,564
00000064_2_10_10.jpg	10,90,235,111,409,564
00000064_5_130_130.jpg	130,50,235,111,409,564
00000064_12_70_70.jpg	70,270,235,133,409,564
00000064_4_290_290.jpg	290,210,260,54,409,564
00000064_10_170_170.jpg	170,30,260,54,409,564
00000064_3_150_150.jpg	150,350,260,54,409,564
00000065_4_70_70.jpg	70,230,290,98,423,564
00000065_11_110_110.jpg	110,310,290,98,423,564
00000065_4_50_50.jpg	50,90,290,98,423,564
00000065_3_110_110.jpg	110,290,235,111,423,564
00000065_8_110_110.jpg	110,90,235,111,423,564
00000065_5_250_250.jpg	250,170,235,111,423,564
00000065_2_30_30.jpg	30,350,260,54,423,564
00000065_2_250_250.jpg	250,70,260,54,423,564
00000065_3_230_230.jpg	230,350,260,54,423,564
00000067_4_70_70.jpg	70,410,290,98,776,564
00000067_6_70_70.jpg	70,10,290,98,776,564
00000067_12_110_110.jpg	110,450,290,117,776,564
00000067_4_110_110.jpg	110,330,235,111,776,564
00000067_8_250_250.jpg	250,530,235,111,776,564
00000067_5_190_190.jpg	190,530,235,111,776,564
00000067_4_290_290.jpg	290,550,260,54,776,564
00000067_4_130_130.jpg	130,50,260,54,776,564
00000067_3_110_110.jpg	110,310,260,54,776,564
00000068_12_210_210.jpg	210,90,290,117,376,564
00000068_4_170_170.jpg	170,250,290,98,376,564
00000068_5_230_230.jpg	230,50,290,98,376,564
00000068_4_50_50.jpg	50,10,235,111,376,564
00000068_12_190_190.jpg	190,130,235,133,376,564
00000068_10_310_310.jpg	310,210,235,111,376,564
00000068_11_130_130.jpg	130,210,260,54,376,564
00000068_2_70_70.jpg	70,130,260,54,376,564
00000068_5_250_250.jpg	250,190,260,54,376,564
00000072_5_50_50.jpg	50,210,290,98,447,564
00000072_12_10_10.jpg	10,230,290,117,447,564
00000072_2_150_150.jpg	150,30,290,98,447,564
00000072_9_290_290.jpg	290,150,235,111,447,564
00000072_12_30_30.jpg	30,210,235,133,447,564
00000072_9_70_70.jpg	70,90,235,111,447,564
00000072_9_150_150.jpg	150,50,260,54,447,564
00000072_6_130_130.jpg	130,250,260,54,447,564
00000072_2_70_70.jpg	70,230,260,54,447,564
00000077_4_170_170.jpg	170,190,290,98,405,564
00000077_3_90_90.jpg	90,250,290,98,405,564
00000077_12_270_270.jpg	270,210,290,117,405,564
00000077_9_30_30.jpg	30,230,235,111,405,564
00000077_10_230_230.jpg	230,70,235,111,405,564
00000077_10_30_30.jpg	30,130,235,111,405,564
00000077_12_290_290.jpg	290,210,260,64,405,564
00000077_7_290_290.jpg	290,110,260,54,405,564
00000077_5_70_70.jpg	70,150,260,54,405,564
00000085_5_110_110.jpg	110,210,290,98,374,564
00000085_7_230_230.jpg	230,150,290,98,374,564
00000085_7_110_110.jpg	110,230,290,98,374,564
00000085_2_150_150.jpg	150,210,235,111,374,564
00000085_6_50_50.jpg	50,110,235,111,374,564
00000085_2_30_30.jpg	30,70,235,111,374,564
00000085_7_70_70.jpg	70,110,260,54,374,564
00000085_5_190_190.jpg	190,170,260,54,374,564
00000085_9_130_130.jpg	130,270,260,54,374,564
00000090_5_230_230.jpg	230,250,290,98,376,564
00000090_9_50_50.jpg	50,150,290,98,376,564
00000090_6_170_170.jpg	170,230,290,98,376,564
00000090_11_70_70.jpg	70,50,235,111,376,564
00000090_5_170_170.jpg	170,70,235,111,376,564
00000090_7_10_10.jpg	10,190,235,111,376,564
00000090_11_110_110.jpg	110,290,260,54,376,564
00000090_5_10_10.jpg	10,170,260,54,376,564
00000090_5_110_110.jpg	110,130,260,54,376,564
00000092_9_130_130.jpg	130,250,290,98,377,564
00000092_10_250_250.jpg	250,30,290,98,377,564
00000092_3_10_10.jpg	10,190,290,98,377,564
00000092_4_110_110.jpg	110,250,235,111,377,564
00000092_7_190_190.jpg	190,90,235,111,377,564
00000092_11_210_210.jpg	210,130,235,111,377,564
00000092_12_130_130.jpg	130,190,260,64,377,564
00000092_12_50_50.jpg	50,170,260,64,377,564
00000092_10_130_130.jpg	130,230,260,54,377,564
00000095_6_30_30.jpg	30,610,260,54,847,564
00000095_10_10_10.jpg	10,710,290,98,847,564
00000095_10_150_150.jpg	150,10,290,98,847,564
00000095_7_290_290.jpg	290,510,235,111,847,564
00000095_3_250_250.jpg	250,30,235,111,847,564
00000095_11_70_70.jpg	70,230,235,111,847,564
00000095_7_70_70.jpg	70,150,260,54,847,564
00000095_2_290_290.jpg	290,750,260,54,847,564
00000096_10_230_230.jpg	230,70,290,98,376,564
00000096_7_190_190.jpg	190,70,290,98,376,564
00000096_5_90_90.jpg	90,130,290,98,376,564
00000096_3_250_250.jpg	250,210,235,111,376,564
00000096_2_230_230.jpg	230,130,235,111,376,564
00000096_5_10_10.jpg	10,70,235,111,376,564
00000096_10_50_50.jpg	50,230,260,54,376,564
00000096_11_30_30.jpg	30,50,260,54,376,564
00000096_12_90_90.jpg	90,10,260,64,376,564
